

# first time have change camera 2 maybe best  100images
[image]

width
1920

height
1080

[narrow_stereo]

camera matrix
1002.013787 0.000000 1029.892327
0.000000 1002.708012 440.837290
0.000000 0.000000 1.000000

distortion
-0.310425 0.080624 0.000732 0.001055 0.000000

rectification
1.000000 0.000000 0.000000
0.000000 1.000000 0.000000
0.000000 0.000000 1.000000

projection
725.952881 0.000000 1024.118664 0.000000
0.000000 885.079285 417.425096 0.000000
0.000000 0.000000 1.000000 0.000000

# second time camera 2 84 images

[image]

width
1920

height
1080

[narrow_stereo]

camera matrix
999.977207 0.000000 1065.234359
0.000000 999.472974 458.999349
0.000000 0.000000 1.000000

distortion
-0.319569 0.092483 -0.000374 0.000142 0.000000

rectification
1.000000 0.000000 0.000000
0.000000 1.000000 0.000000
0.000000 0.000000 1.000000

projection
746.409912 0.000000 1055.803671 0.000000
0.000000 880.698486 437.886710 0.000000
0.000000 0.000000 1.000000 0.000000

# camera 1 best 97 images

('D = ', [-0.4015269412066931, 0.18177404027890126, 0.0016220246541996078, -0.0013390106583338252, 0.0])
('K = ', [1487.4261137956225, 0.0, 971.0985500017158, 0.0, 1488.3800915796014, 540.9225612498111, 0.0, 0.0, 1.0])
('R = ', [1.0, 0.0, 0.0, 0.0, 1.0, 0.0, 0.0, 0.0, 1.0])
('P = ', [1222.169921875, 0.0, 970.1335658798926, 0.0, 0.0, 1406.097412109375, 542.2334031891296, 0.0, 0.0, 0.0, 1.0, 0.0])
None
# oST version 5.0 parameters


[image]

width
1920

height
1080

[narrow_stereo]

camera matrix
1487.426114 0.000000 971.098550
0.000000 1488.380092 540.922561
0.000000 0.000000 1.000000

distortion
-0.401527 0.181774 0.001622 -0.001339 0.000000

rectification
1.000000 0.000000 0.000000
0.000000 1.000000 0.000000
0.000000 0.000000 1.000000

projection
1222.169922 0.000000 970.133566 0.000000
0.000000 1406.097412 542.233403 0.000000
0.000000 0.000000 1.000000 0.000000

# camera 2  84 images three green
('D = ', [-0.29232907485959037, 0.06541967248577742, -0.0031945202061998477, 0.0006661592040272916, 0.0])
('K = ', [996.8683030659735, 0.0, 1072.1846747241173, 0.0, 1000.6390835596686, 471.6077689650501, 0.0, 0.0, 1.0])
('R = ', [1.0, 0.0, 0.0, 0.0, 1.0, 0.0, 0.0, 0.0, 1.0])
('P = ', [711.8989868164062, 0.0, 1085.762033204337, 0.0, 0.0, 889.46923828125, 450.6374760264298, 0.0, 0.0, 0.0, 1.0, 0.0])
None
# oST version 5.0 parameters


[image]

width
1920

height
1080

[narrow_stereo]

camera matrix
996.868303 0.000000 1072.184675
0.000000 1000.639084 471.607769
0.000000 0.000000 1.000000

distortion
-0.292329 0.065420 -0.003195 0.000666 0.000000

rectification
1.000000 0.000000 0.000000
0.000000 1.000000 0.000000
0.000000 0.000000 1.000000

projection
711.898987 0.000000 1085.762033 0.000000
0.000000 889.469238 450.637476 0.000000
0.000000 0.000000 1.000000 0.000000


# last time camera1
('D = ', [-0.3919458863477833, 0.17073440197374998, 0.0008361176164618246, -0.0005315018289286041, 0.0])
('K = ', [1478.9188599609818, 0.0, 954.0499663653522, 0.0, 1480.8837833126129, 546.0998404603057, 0.0, 0.0, 1.0])
('R = ', [1.0, 0.0, 0.0, 0.0, 1.0, 0.0, 0.0, 0.0, 1.0])
('P = ', [1215.861572265625, 0.0, 949.8340939478221, 0.0, 0.0, 1400.037353515625, 547.4522025488259, 0.0, 0.0, 0.0, 1.0, 0.0])
None
# oST version 5.0 parameters


[image]

width
1920

height
1080

[narrow_stereo]

camera matrix
1478.918860 0.000000 954.049966
0.000000 1480.883783 546.099840
0.000000 0.000000 1.000000

distortion
-0.391946 0.170734 0.000836 -0.000532 0.000000

rectification
1.000000 0.000000 0.000000
0.000000 1.000000 0.000000
0.000000 0.000000 1.000000

projection
1215.861572 0.000000 949.834094 0.000000
0.000000 1400.037354 547.452203 0.000000
0.000000 0.000000 1.000000 0.000000

# camera second time  79 images

('D = ', [-0.38910672636800975, 0.1644385048073618, 0.0010351116202100628, -0.0005883685273966861, 0.0])
('K = ', [1467.8704251160157, 0.0, 957.9731863082806, 0.0, 1469.2971533920975, 553.2023204743473, 0.0, 0.0, 1.0])
('R = ', [1.0, 0.0, 0.0, 0.0, 1.0, 0.0, 0.0, 0.0, 1.0])
('P = ', [1201.9180908203125, 0.0, 954.9160347439756, 0.0, 0.0, 1388.0257568359375, 555.5851732436895, 0.0, 0.0, 0.0, 1.0, 0.0])
None
# oST version 5.0 parameters


[image]

width
1920

height
1080

[narrow_stereo]

camera matrix
1467.870425 0.000000 957.973186
0.000000 1469.297153 553.202320
0.000000 0.000000 1.000000

distortion
-0.389107 0.164439 0.001035 -0.000588 0.000000

rectification
1.000000 0.000000 0.000000
0.000000 1.000000 0.000000
0.000000 0.000000 1.000000

projection
1201.918091 0.000000 954.916035 0.000000
0.000000 1388.025757 555.585173 0.000000
0.000000 0.000000 1.000000 0.000000


('D = ', [-0.38910672636800975, 0.1644385048073618, 0.0010351116202100628, -0.0005883685273966861, 0.0])
('K = ', [1467.8704251160157, 0.0, 957.9731863082806, 0.0, 1469.2971533920975, 553.2023204743473, 0.0, 0.0, 1.0])
('R = ', [1.0, 0.0, 0.0, 0.0, 1.0, 0.0, 0.0, 0.0, 1.0])
('P = ', [1201.9180908203125, 0.0, 954.9160347439756, 0.0, 0.0, 1388.0257568359375, 555.5851732436895, 0.0, 0.0, 0.0, 1.0, 0.0])
# oST version 5.0 parameters


[image]

width
1920

height
1080

[narrow_stereo]

camera matrix
1467.870425 0.000000 957.973186
0.000000 1469.297153 553.202320
0.000000 0.000000 1.000000

distortion
-0.389107 0.164439 0.001035 -0.000588 0.000000

rectification
1.000000 0.000000 0.000000
0.000000 1.000000 0.000000
0.000000 0.000000 1.000000

projection
1201.918091 0.000000 954.916035 0.000000
0.000000 1388.025757 555.585173 0.000000
0.000000 0.000000 1.000000 0.000000


